[31, 73, 0.5086168802474592, 3.1245879526496285]
[32, 90, 0.365625, 3.5835814376196957]
[27, 40, 0.3925925925925926, 3.3152916028490567]
[53, 158, 0.3121566754239312, 2.6026945757977784]
[53, 158, 0.32051588249343205, 2.559308737080938]
[44, 114, 0.4529505582137161, 2.0811585773885213]
[45, 61, 0.3100182149362477, 2.4433929673328336]
[46, 120, 0.2634057971014493, 3.4771340033604856]
[46, 120, 0.26268115942028986, 3.4885199772728535]
[46, 120, 0.263768115942029, 3.469597699488994]
[46, 120, 0.3043478260869565, 3.1022441188380228]
[46, 120, 0.3043478260869565, 3.1022441188380228]
[48, 126, 0.30770502645502645, 2.886258502546797]
[48, 126, 0.3048941798941799, 2.9064005607114782]
[53, 158, 0.3048722235490805, 2.6642308430362256]
[53, 158, 0.3058275614998806, 2.617279398695306]
[15, 41, 0.37073170731707317, 6.094523741744368]
[5, 8, 0.625, 6.904241114382667]
[15, 41, 0.3804878048780488, 6.045355494506393]
[15, 41, 0.3723577235772358, 6.016520099075204]
[15, 41, 0.3723577235772358, 6.073906531072462]
[45, 119, 0.3378151260504202, 2.6764651867295624]
[45, 119, 0.3378151260504202, 2.6764651867295624]
[38, 61, 0.27955133735979293, 2.9270469162307]
[36, 68, 0.4178921568627451, 3.9912585426404608]
[61, 167, 0.23206046922548346, 3.3229679805272614]
[43, 119, 0.3033027164354114, 3.0410690596329655]
[36, 82, 0.28624661246612465, 3.8909117814039864]
[36, 81, 0.2825788751714678, 3.9409779773736155]
[43, 127, 0.31569309650247207, 3.1391821321920013]
[42, 127, 0.32414698162729655, 3.130205887902552]
[54, 159, 0.352900069881202, 2.2138605219940013]
[50, 146, 0.28095890410958907, 2.9398775135389936]
[51, 131, 0.30309833857207, 2.8094705874373456]
[51, 131, 0.30309833857207, 2.8094705874373456]
[42, 71, 0.3041582830315225, 2.523806366149825]
[41, 57, 0.3196405648267009, 2.5902731046514873]
[42, 107, 0.40565198041833556, 2.36040706395864]
[42, 106, 0.41194968553459116, 2.379308614128275]
[42, 107, 0.40565198041833556, 2.36040706395864]
[42, 106, 0.41194968553459116, 2.379308614128275]
[45, 119, 0.3378151260504202, 2.6764651867295624]
[45, 119, 0.3378151260504202, 2.6764651867295624]
[45, 115, 0.41507246376811596, 2.2540500942570345]
[45, 115, 0.41545893719806765, 2.1813089431912345]
[45, 62, 0.30000000000000004, 2.4878046988504017]
