[3, 75, 1.0, 5.475225059019184]
[3, 75, 1.0, 5.475225059019184]
[4, 184, 0.7663043478260869, 5.306212186382932]
[3, 184, 0.9981884057971014, 5.393281918900294]
[4, 184, 0.7649456521739131, 5.308128547344083]
[4, 184, 0.7649456521739131, 5.308128547344083]
[5, 95, 1.0, 3.3345802911143503]
[5, 95, 1.0, 3.3345802911143503]
[5, 95, 1.0, 3.3345802911143503]
[5, 90, 1.0, 3.3420569739540364]
[3, 68, 1.0, 5.4898315601927274]
[3, 68, 1.0, 5.4898315601927274]
[3, 68, 1.0, 5.4898315601927274]
[3, 68, 1.0, 5.4898315601927274]
[3, 68, 1.0, 5.4898315601927274]
[3, 68, 1.0, 5.4898315601927274]
[3, 68, 1.0, 5.4898315601927274]
[2, 69, 1.0, 8.115403175937075]
[2, 69, 1.0, 8.115403175937075]
[2, 70, 1.0, 8.113754559137975]
[2, 70, 1.0, 8.113754559137975]
[2, 70, 1.0, 8.113754559137975]
[2, 69, 1.0, 8.115403175937075]
[2, 69, 1.0, 8.115403175937075]
[2, 69, 1.0, 8.115403175937075]
[2, 69, 1.0, 8.115403175937075]
