[32, 90, 0.365625, 3.5835814376196957]
[27, 40, 0.3925925925925926, 3.3152916028490567]
[26, 72, 0.406517094017094, 3.79797487916954]
[23, 35, 0.37267080745341613, 3.785418709733708]
[26, 72, 0.4198717948717949, 3.6673061852825493]
[27, 35, 0.34074074074074073, 3.8243549650189848]
[23, 34, 0.3797953964194373, 3.789617069196875]
[53, 158, 0.3121566754239312, 2.6026945757977784]
[53, 158, 0.32051588249343205, 2.559308737080938]
[53, 158, 0.30654406496298064, 2.6551148030039546]
[53, 158, 0.3312634344399331, 2.493247757283237]
[45, 61, 0.3100182149362477, 2.443248035954411]
[45, 115, 0.4144927536231884, 2.2382180373382297]
[45, 61, 0.3100182149362477, 2.4433929673328336]
[44, 115, 0.4264822134387352, 2.1761360835614725]
[15, 41, 0.37073170731707317, 6.094523741744368]
[15, 41, 0.3723577235772358, 6.073906531072462]
[15, 41, 0.3723577235772358, 6.016520099075204]
[16, 20, 0.2125, 6.697998906129845]
[15, 41, 0.3804878048780488, 6.045355494506393]
[45, 119, 0.3378151260504202, 2.6764651867295624]
[39, 63, 0.3190883190883191, 2.524471662192065]
[39, 63, 0.3190883190883191, 2.524471662192065]
[45, 119, 0.3378151260504202, 2.6764651867295624]
[45, 119, 0.3378151260504202, 2.6764651867295624]
[46, 62, 0.3229312762973352, 2.298669193244926]
[46, 62, 0.3229312762973352, 2.298669193244926]
[43, 127, 0.31569309650247207, 3.1391821321920013]
[54, 159, 0.352900069881202, 2.2138605219940013]
[45, 66, 0.38215488215488214, 2.052023636413116]
[54, 159, 0.3558117866293967, 2.1955423540880936]
[44, 65, 0.2583916083916084, 2.09068022045885]
[44, 65, 0.256993006993007, 2.076192974282637]
[43, 65, 0.2622540250447227, 2.0849320863723717]
[50, 146, 0.28095890410958907, 2.9398775135389936]
[50, 131, 0.30290076335877864, 2.809059187886025]
[50, 131, 0.30290076335877864, 2.809059187886025]
[42, 106, 0.41194968553459116, 2.379308614128275]