[14, 46, 0.2484472049689441, 5.327959585735618]
[15, 37, 0.41441441441441446, 4.534070077015371]
[15, 36, 0.4074074074074074, 4.608505193463656]
[15, 36, 0.4092592592592592, 4.590876583264694]
[15, 45, 0.38814814814814813, 4.426237211707737]
[15, 37, 0.41441441441441446, 4.51239718756582]
[15, 35, 0.41904761904761906, 4.589474246637032]
[15, 36, 0.4092592592592592, 4.623092869620657]
[15, 35, 0.4228571428571429, 4.598798973282061]
[15, 47, 0.25957446808510637, 6.426161676738276]
[15, 46, 0.2652173913043478, 6.345377273153044]
[15, 46, 0.2652173913043478, 6.345377273153044]
[15, 41, 0.408130081300813, 4.396744702338052]
[15, 41, 0.4178861788617886, 4.316574203693725]
[15, 41, 0.41300813008130083, 4.354861325088356]
[15, 41, 0.4178861788617886, 4.316574203693725]
[15, 41, 0.41300813008130083, 4.354861325088356]
[15, 40, 0.28833333333333333, 6.335799002909621]
[15, 40, 0.29500000000000004, 6.234819575482921]
[15, 40, 0.29, 6.299386364961864]
[15, 40, 0.29, 6.30637748073142]
[15, 40, 0.29833333333333334, 6.154670450045754]
[15, 40, 0.2966666666666667, 6.199411261552842]
[15, 40, 0.29, 6.299386364961864]
[15, 40, 0.29, 6.299386364961864]
[15, 40, 0.29500000000000004, 6.234819575482921]
[15, 40, 0.29333333333333333, 6.260141595538635]
