[10, 39, 0.5615384615384615, 4.520392294669741]
[11, 39, 0.592074592074592, 3.976992254478686]
[15, 63, 0.4793650793650793, 3.5926075874336068]
[12, 44, 0.5492424242424243, 3.811904460390015]
[9, 33, 0.6262626262626263, 4.231517310145673]
[12, 44, 0.5492424242424243, 3.804672548820766]
[11, 48, 0.5397727272727273, 3.9704643513097437]
[12, 48, 0.37847222222222227, 5.595898344210702]
[12, 48, 0.37847222222222227, 5.595898344210702]
[12, 48, 0.37847222222222227, 5.595898344210702]
[10, 50, 0.36200000000000004, 4.983918503512214]
[10, 50, 0.36200000000000004, 4.983918503512214]
[15, 53, 0.4641509433962264, 3.8823393531691828]
[13, 61, 0.35813366960907944, 5.625759037068621]
[13, 61, 0.35813366960907944, 5.625759037068621]
[13, 61, 0.3505674653215637, 5.577449094363292]
[13, 61, 0.3505674653215637, 5.577449094363292]
[13, 53, 0.3802612481857765, 5.429507054324409]
[13, 53, 0.3802612481857765, 5.429507054324409]
[13, 53, 0.3802612481857765, 5.429507054324409]
