[40, 74, 0.22972972972972974, 3.138189014240562]
[23, 74, 0.2920094007050529, 2.9335865158203167]
[23, 73, 0.4097677188802859, 3.107183318612967]
[54, 109, 0.2949371389738362, 2.598090533517034]
[40, 74, 0.22972972972972974, 3.138189014240562]
[23, 73, 0.43001786777843953, 2.8875402461506767]
[23, 73, 0.32638475282906493, 2.634647611387129]
[23, 75, 0.4220289855072464, 2.9076978814845997]
[138, 53, 0.2763193874760733, 2.674818762101349]
[139, 81, 0.18864908073541167, 2.9247810391075766]
[191, 126, 0.1259868694423668, 3.1088760452684783]
[18, 50, 0.31666666666666665, 3.499050460186319]
[17, 47, 0.3617021276595745, 3.214934556251797]
[157, 89, 0.16496099620697058, 2.847178301898318]
[170, 105, 0.14392156862745098, 2.686556209995903]
[84, 58, 0.22742200328407225, 2.612975570616102]
[18, 53, 0.3417190775681342, 3.2175833529966953]
[18, 53, 0.3312368972746332, 3.233448056970551]
[26, 85, 0.5131221719457013, 2.4886722034424062]
[126, 267, 0.15126924677486475, 1.8565473048357426]
[161, 169, 0.21570068727259364, 1.7392067393557338]
[190, 259, 0.17285104653525707, 2.048541532562608]
[231, 207, 0.18886588451805844, 1.909002937606454]
[42, 167, 0.35201026518391787, 1.9892122330587727]
[160, 95, 0.32203947368421054, 1.6810483269646894]
[218, 130, 0.28214537755822156, 1.6653723131465634]
[219, 116, 0.3314438671075421, 1.361492880263854]
[220, 158, 0.24194476409666282, 1.6120065623000146]
[256, 135, 0.3214988425925926, 1.6314111817727772]
[125, 113, 0.2850973451327434, 2.0195345646928584]
[127, 84, 0.26537307836520435, 2.4929034703582835]
[139, 95, 0.3237410071942446, 1.8568520601484557]
[140, 113, 0.30297092288242733, 1.7560473562443615]
[125, 113, 0.31242477876106195, 1.7686244118278027]
[22, 79, 0.29861910241657075, 2.907228525878946]
[21, 71, 0.3440643863179074, 2.757140563443317]
[22, 63, 0.33694083694083693, 2.7019227487109734]
[22, 71, 0.33098591549295775, 2.7422182157551376]
[144, 91, 0.3257783882783883, 1.9809867717459195]
[67, 95, 0.33040062843676354, 1.8595768004864845]
[100, 81, 0.3237037037037037, 1.6001979158173198]
[61, 95, 0.34926660914581537, 1.8100910282244915]
[98, 81, 0.3247669438145629, 1.6073092996744123]
[113, 87, 0.3758518970603194, 1.6128017369967507]
[27, 64, 0.30266203703703703, 2.594644150237648]
[41, 71, 0.3950532463071109, 1.7395095666789744]
[21, 67, 0.3368869936034115, 2.7530800799549398]
[85, 72, 0.24754901960784315, 2.27878666212749]
[145, 117, 0.17541998231653402, 2.3970909410925985]
[106, 65, 0.22989840348330914, 2.361838600996166]
[108, 65, 0.22806267806267808, 2.344872890166505]
[22, 64, 0.33167613636363635, 2.701668042077599]
[92, 64, 0.25679347826086957, 2.3409084888166753]
[106, 64, 0.23820754716981132, 2.323166572368138]
[21, 64, 0.359375, 2.6658997167501544]
[91, 64, 0.2503434065934066, 2.3721875600649445]
[22, 64, 0.5149147727272727, 2.5875747824958992]
[127, 72, 0.28302712160979876, 2.2167525052742834]
[132, 85, 0.2632798573975045, 2.2762463877243855]
[31, 64, 0.31048387096774194, 2.939220134836641]
[22, 64, 0.5213068181818182, 2.5386878528285086]
[84, 78, 0.22954822954822957, 2.312402476145588]
[86, 71, 0.2477890599410416, 2.2903920035161023]
[124, 101, 0.2161450015969339, 2.314994675064899]
[79, 118, 0.15983694486161767, 2.5833328327441323]
[140, 113, 0.2578381795195955, 2.3275555791159177]
[78, 101, 0.1843107387661843, 2.4940981188835134]
[21, 68, 0.34103641456582634, 2.707447740473997]
[20, 69, 0.1565217391304348, 5.693611625246665]
[21, 68, 0.1484593837535014, 5.771929114546519]
[21, 68, 0.14635854341736695, 5.838746808251367]
[20, 70, 0.155, 5.704240143102671]
[21, 68, 0.1484593837535014, 5.771929114546519]
[21, 68, 0.1484593837535014, 5.771929114546519]
[20, 68, 0.23161764705882354, 2.8632946154742234]
[20, 71, 0.23098591549295772, 2.8383144961124387]
[20, 71, 0.14577464788732394, 5.946497103510424]
[21, 69, 0.1518288474810214, 5.645138685580004]
[20, 71, 0.14577464788732394, 5.983289232403034]
[20, 69, 0.14855072463768115, 5.926462928910527]
[20, 70, 0.1542857142857143, 5.756207750860279]
[20, 71, 0.14577464788732394, 5.983289232403034]
[21, 68, 0.1484593837535014, 5.771929114546519]
[20, 69, 0.14855072463768115, 5.926462928910527]
[20, 71, 0.14577464788732394, 5.983289232403034]
[21, 68, 0.22478991596638656, 2.8455306593140186]
[20, 69, 0.23623188405797102, 2.819728946473853]
[20, 69, 0.22753623188405797, 2.8670775770532395]
[20, 71, 0.223943661971831, 2.900264317098809]
[20, 70, 0.22714285714285715, 2.8736637179297504]
[20, 69, 0.22753623188405797, 2.8670775770532395]
[20, 69, 0.22753623188405797, 2.8670775770532395]
[20, 71, 0.2302816901408451, 2.8549119017456053]
[20, 70, 0.14714285714285716, 5.936528642847853]
[20, 69, 0.14855072463768115, 5.926462928910527]
[20, 71, 0.2302816901408451, 2.8549119017456053]
[20, 70, 0.22714285714285715, 2.8736637179297504]
[20, 70, 0.15071428571428572, 5.833027353405356]
[20, 69, 0.22753623188405797, 2.8670775770532395]
[20, 70, 0.22714285714285715, 2.8736637179297504]
[21, 69, 0.22084195997239475, 2.8662126271079544]
[20, 70, 0.22714285714285715, 2.8736637179297504]
[20, 69, 0.14855072463768115, 5.926462928910527]
[20, 70, 0.155, 5.721051652022047]
[20, 69, 0.14855072463768115, 5.880169837745593]
[20, 69, 0.2289855072463768, 2.8432530585989495]
[20, 70, 0.23214285714285715, 2.826640266529787]
[20, 70, 0.22714285714285715, 2.8543535240917315]
[20, 70, 0.235, 2.8165765897171107]
[20, 69, 0.14855072463768115, 5.880169837745593]
[29, 70, 0.16108374384236454, 2.9642327035178018]
[20, 70, 0.23214285714285715, 2.826640266529787]
[20, 69, 0.2289855072463768, 2.8432530585989495]
[20, 70, 0.235, 2.8165765897171107]
[146, 102, 0.1608246038141284, 2.4175190029195197]
[21, 69, 0.2298136645962733, 2.7928296930467362]
[62, 77, 0.20946795140343527, 2.4823946619597437]
[21, 69, 0.2298136645962733, 2.7928296930467362]
[20, 68, 0.2338235294117647, 2.8200373729578025]
[20, 71, 0.22605633802816902, 2.875148188310832]
[20, 69, 0.14855072463768115, 5.880169837745593]
[20, 71, 0.22605633802816902, 2.875148188310832]
[20, 69, 0.2289855072463768, 2.8432530585989495]
[20, 71, 0.22605633802816902, 2.875148188310832]
[20, 69, 0.2289855072463768, 2.8432530585989495]
[20, 70, 0.23214285714285715, 2.826640266529787]
[29, 70, 0.16108374384236454, 2.9642327035178018]
[20, 69, 0.14855072463768115, 5.880169837745593]
[28, 78, 0.11813186813186813, 6.164056702172051]
[28, 78, 0.11813186813186813, 6.164056702172051]
[36, 17, 0.47222222222222227, 3.4848870102613785]
[100, 89, 0.3766292134831461, 1.8274782215587668]
[100, 84, 0.1948809523809524, 2.381977446079488]
[100, 87, 0.32471264367816094, 2.2774957601485806]
[21, 70, 0.326530612244898, 2.837732179917674]
[89, 76, 0.186428149024246, 2.0050258722565815]
[140, 87, 0.3676518883415435, 1.528140954923745]
[149, 67, 0.22408093759390965, 2.1794723384524928]
[144, 67, 0.28876451077943616, 2.0773084150584906]
[139, 76, 0.27243468383188185, 1.6519603604239954]
[139, 87, 0.25932357562226077, 2.308324251453827]
[81, 79, 0.2365994686669792, 1.805851291191552]
[81, 79, 0.2365994686669792, 1.805851291191552]
[140, 87, 0.33842364532019703, 2.111821384083843]
[140, 89, 0.3664526484751204, 1.8941314744379003]
[22, 66, 0.29545454545454547, 3.0582419308987467]
[22, 72, 0.31565656565656564, 2.8387301627294557]
[140, 80, 0.24, 2.197866873107002]
[100, 76, 0.20171052631578948, 2.4858938483735833]
[140, 78, 0.23553113553113553, 2.2868132797867537]
[101, 72, 0.2086083608360836, 2.4513653180655424]
[140, 89, 0.3219903691813804, 2.21332065305834]
[140, 104, 0.2798076923076923, 2.3335999497922466]
[144, 89, 0.32045880149812733, 2.146561686096857]
[140, 87, 0.32988505747126434, 2.152827001346432]
[139, 87, 0.33416025800049615, 2.126359934400078]
[22, 67, 0.31343283582089554, 2.858096082870285]
[144, 87, 0.32112068965517243, 2.2049813899893236]
[31, 66, 0.22287390029325513, 3.1530197180251207]
[143, 95, 0.2937799043062201, 2.190815808563266]
[144, 83, 0.25393239625167335, 2.0047554505529583]
[144, 95, 0.28055555555555556, 2.346156403589084]
[122, 84, 0.2510733801717408, 2.2206788085588625]
[53, 133, 0.3491275358206838, 2.196375701897924]
[52, 133, 0.3499132446500868, 2.178277390999168]
[38, 131, 0.2675773402973082, 2.6414919311006644]
[23, 131, 0.3332227016262861, 2.4227929569203353]
[24, 131, 0.2652671755725191, 3.9044660293139053]
[99, 137, 0.27169505271695055, 2.059573779801549]
[22, 131, 0.3438584316446912, 2.472465189626431]
[23, 131, 0.3189512114171921, 2.531418385296709]
[23, 131, 0.33388649186856956, 2.42051290758808]
