[9, 14, 0.42063492063492064, 6.990665828290222]
[33, 34, 0.2798573975044563, 4.5777816975897565]
[12, 34, 0.3897058823529412, 4.714994019422131]
[12, 34, 0.3897058823529412, 4.714994019422131]
[19, 23, 0.448512585812357, 5.186707609718708]
[39, 22, 0.42074592074592077, 4.704929552368311]
[23, 23, 0.42911153119092627, 4.959814375093111]
[26, 22, 0.4090909090909091, 4.819599776620898]
[23, 35, 0.35403726708074534, 4.462688529973371]
[23, 23, 0.42911153119092627, 4.959814375093111]
[15, 22, 0.2787878787878788, 7.1569216351621465]
[11, 22, 0.2933884297520661, 6.606677466339873]
[19, 24, 0.21052631578947367, 6.981557088943785]
[16, 22, 0.3068181818181818, 6.611508344664664]
[16, 22, 0.3068181818181818, 6.611508344664664]
[16, 22, 0.3068181818181818, 6.611508344664664]
[16, 22, 0.3068181818181818, 6.611508344664664]
[18, 18, 0.4012345679012346, 5.9862446456007605]
[19, 18, 0.368421052631579, 6.0228717999789065]
[30, 18, 0.3851851851851852, 5.917562018445414]
[19, 27, 0.304093567251462, 5.918817531462723]
[19, 18, 0.368421052631579, 6.0228717999789065]
[30, 18, 0.3851851851851852, 5.917562018445414]
[18, 27, 0.32510288065843623, 5.973383072430034]
[9, 18, 0.4012345679012346, 5.968994697975021]
[19, 18, 0.368421052631579, 6.0228717999789065]
[19, 27, 0.317738791423002, 5.875678840128219]
[19, 18, 0.368421052631579, 6.0228717999789065]
[15, 44, 0.6151515151515151, 2.1241977444342703]
[50, 46, 0.3017391304347826, 3.530428281854045]
[12, 34, 0.3897058823529412, 4.714994019422131]
[50, 53, 0.3086792452830189, 3.4837779009752325]
