[14, 39, 0.521978021978022, 4.152371833188047]
[15, 39, 0.5401709401709401, 3.7129103709387623]
[15, 39, 0.5521367521367522, 3.713748485567076]
[14, 39, 0.5073260073260073, 4.3306491037004635]
[15, 39, 0.5452991452991452, 3.691244445711296]
[14, 39, 0.5238095238095237, 4.167070851847343]
[15, 38, 0.5771929824561404, 3.50065949577418]
[14, 39, 0.5641025641025641, 3.788215241548048]
[6, 17, 0.607843137254902, 5.60842290886504]
[6, 17, 0.5784313725490197, 5.65188367335789]
[6, 17, 0.5882352941176471, 5.592639851386626]
[6, 17, 0.607843137254902, 5.60842290886504]
[6, 17, 0.5784313725490197, 5.65188367335789]
[6, 18, 0.6111111111111112, 5.537571623610399]
[6, 17, 0.5882352941176471, 5.592639851386626]
[6, 17, 0.607843137254902, 5.60842290886504]
[6, 17, 0.5882352941176471, 5.592639851386626]
[6, 17, 0.5980392156862745, 5.496728043839569]
[6, 18, 0.5833333333333334, 5.580291921955518]
[6, 17, 0.5980392156862745, 5.585737114072974]
[6, 17, 0.5980392156862745, 5.496728043839569]
[6, 18, 0.6018518518518519, 5.5204187432851315]
[6, 17, 0.5980392156862745, 5.585737114072974]
[6, 17, 0.5980392156862745, 5.496728043839569]
[6, 18, 0.6018518518518519, 5.5204187432851315]
[6, 17, 0.607843137254902, 5.529471263121509]
[14, 39, 0.5073260073260073, 4.3306491037004635]
[15, 39, 0.5401709401709401, 3.7129103709387623]
[14, 39, 0.521978021978022, 4.152371833188047]
[15, 39, 0.5521367521367522, 3.713748485567076]
[14, 39, 0.5238095238095237, 4.167070851847343]
[15, 39, 0.5452991452991452, 3.691244445711296]
[15, 38, 0.5771929824561404, 3.50065949577418]
[14, 39, 0.5641025641025641, 3.788215241548048]
[23, 74, 0.40775558166862513, 3.336274199973755]
[23, 62, 0.5224403927068724, 2.568701478483692]
[190, 259, 0.17285104653525707, 2.048541532562608]
[23, 65, 0.4448160535117057, 3.274100812671735]
[23, 69, 0.4436042848141147, 3.388177614242477]
[15, 46, 0.5768115942028986, 3.5451069123388836]
[15, 46, 0.5666666666666667, 3.60204781285239]
[15, 46, 0.5782608695652174, 3.5320228231358706]
[19, 22, 0.33492822966507174, 6.563627377319684]
[15, 46, 0.5797101449275363, 3.5640428724229674]
[15, 46, 0.5608695652173913, 3.6506248709482527]
[15, 46, 0.5579710144927537, 3.6629609578477464]
[15, 46, 0.5608695652173913, 3.6506248709482527]
[15, 46, 0.5579710144927537, 3.658183622922816]
[19, 22, 0.33492822966507174, 6.563627377319684]
[19, 22, 0.33492822966507174, 6.563627377319684]
[14, 53, 0.46361185983827496, 4.72144023449675]
[14, 52, 0.47115384615384615, 4.709504836622084]
[14, 52, 0.4697802197802198, 4.7022673703710005]
[14, 53, 0.46361185983827496, 4.72144023449675]
[14, 53, 0.46361185983827496, 4.72144023449675]
[15, 53, 0.4616352201257861, 4.6070648922565285]
[16, 48, 0.3645833333333333, 4.273660403480431]
[18, 52, 0.4914529914529915, 3.736706347377918]
[19, 53, 0.4915590863952334, 3.638157622235102]
[19, 53, 0.48957298907646474, 3.6409437674674594]
[13, 37, 0.4948024948024948, 4.944357084012735]
[19, 53, 0.48361469712015887, 3.6200929719947794]
[19, 53, 0.48361469712015887, 3.6200929719947794]
[22, 62, 0.3519061583577712, 4.61657893107664]
[22, 62, 0.3519061583577712, 4.61657893107664]
[22, 62, 0.3519061583577712, 4.61657893107664]
[22, 62, 0.3519061583577712, 4.61657893107664]
[22, 62, 0.3519061583577712, 4.61657893107664]
[22, 62, 0.3519061583577712, 4.61657893107664]
[22, 62, 0.3519061583577712, 4.61657893107664]
[14, 39, 0.521978021978022, 4.152371833188047]
